1.757777967548227593e+02 8.662052145809690273e+01 2.203408000000000033e-01 9.476755000000000706e+00
1.526804742498790119e+02 8.654406538446465902e+01 3.050863999999999798e-01 9.633535999999999433e+00
1.411305440625069423e+02 8.650569227089988544e+01 1.830519999999999925e-01 9.781841999999999260e+00
1.353549445009198848e+02 8.648643317569172950e+01 1.389839999999999964e-01 9.803029000000000437e+00
1.295794054774445385e+02 8.646664002066245303e+01 9.152640000000000775e-02 9.862351000000000312e+00
1.238038059158575379e+02 8.644738092545424024e+01 1.881367999999999929e-01 9.760654999999999859e+00
1.180269374202718780e+02 8.642797675360054654e+01 1.220344000000000151e-01 9.811503000000000085e+00
1.122513378586848489e+02 8.640871765839239060e+01 1.711872000000000116e-01 9.819978000000000762e+00
9.492079290999652130e+01 8.634997108338961880e+01 2.593240000000000545e-01 9.720401000000000735e+00
8.914265547860895822e+01 8.633042183468432995e+01 5.186472000000000859e-01 9.449213000000000306e+00
8.336578698302326984e+01 8.631101766283069310e+01 8.813600000000000600e-02 9.476755000000000706e+00
7.180957265835988323e+01 8.627138510559888118e+01 5.576311999999999935e-01 9.366585000000000605e+00
6.603149576688730349e+01 8.625130179727858604e+01 6.440719999999999779e-01 9.178024000000000626e+00
6.025341887361142312e+01 8.623121848875206297e+01 8.644160000000000732e-02 9.421670000000000655e+00
3.135777705690247785e+01 8.613182381900122664e+01 2.491536000000000028e-01 9.267008999999999830e+00
2.557716229382606343e+01 8.611145035697762751e+01 1.796623999999999999e-01 9.542434000000000083e+00
1.401720170523543629e+01 8.607084851036773898e+01 2.220352000000000159e-01 9.457686999999999955e+00
