1.393967089086490887e+02 8.098714044189961214e+01 1.271192000000000155e-01 9.911080000000000112e+00
1.256055277489481909e+02 8.086041930339348482e+01 1.016952000000000134e-01 9.921673999999999438e+00
1.026077222774882785e+02 8.065058325522591076e+01 1.457632000000000094e-01 9.925910999999999262e+00
7.500498129960215010e+01 8.042206990614050710e+01 4.152576000000000045e-01 9.620824000000000709e+00
7.040449728156545461e+01 8.038668861228512696e+01 4.796640000000000348e-01 9.589045000000000485e+00
6.120456411364401106e+01 8.031607198321950136e+01 2.728840000000000154e-01 9.273364000000000829e+00
2.900189885152241231e+01 8.008583671405426685e+01 1.101696000000000064e-01 1.012082799999999949e+01
2.440091863581452003e+01 8.005399623488278849e+01 5.033935999999999966e-01 9.595399999999999707e+00
1.519787371371711515e+01 7.999052339874276640e+01 3.694936000000000331e-01 9.667434999999999334e+00
1.059689349800913760e+01 7.995868291957140173e+01 3.525447999999999915e-01 9.658960000000000434e+00
