1.465859286967048547e+02 7.801333243979888721e+01 1.305088000000000081e-01 9.656841000000000008e+00
1.421755765778895011e+02 7.798713991641545817e+01 6.033943999999999974e-01 9.565739000000000658e+00
1.377643069508898748e+02 7.796012450341305566e+01 6.813600000000000767e-01 9.523365999999999332e+00
1.333530373239217397e+02 7.793310909016400956e+01 5.576311999999999935e-01 9.553027000000000157e+00
1.289419004167199319e+02 7.790505246987527244e+01 4.271215999999999902e-01 9.654721999999999582e+00
1.245297132829969087e+02 7.787721416719028866e+01 8.542424000000000683e-01 9.230990999999999502e+00
1.201185763743654888e+02 7.784915754671857258e+01 6.983095999999999748e-01 9.453450000000000131e+00
1.068842923826337028e+02 7.776381772664745995e+01 1.847464000000000051e-01 9.559383000000000408e+00
1.024722379672790566e+02 7.773493821649316260e+01 1.305088000000000081e-01 9.650484999999999758e+00
9.806027203083647237e+01 7.770536456802597058e+01 1.135608000000000034e-01 9.650484999999999758e+00
8.482568988327386705e+01 7.761434289039243595e+01 2.305095999999999812e-01 9.866588999999999388e+00
4.512303790799307990e+01 7.734071247091480927e+01 1.949168000000000012e-01 9.775486000000000786e+00
4.071212219661060772e+01 7.731092050490752854e+01 1.406784000000000090e-01 9.902606000000000464e+00
2.306740912751314454e+01 7.719197095810841347e+01 1.406792000000000042e-01 9.813622000000000511e+00
1.865548743049532732e+01 7.716205024073144614e+01 3.271208000000000449e-01 9.819978000000000762e+00
9.833744488103519643e+00 7.710177217034049590e+01 6.627160000000000828e-01 9.597519000000000133e+00
1.012045785167856593e+00 7.704114703079312676e+01 4.949183999999999806e-01 9.211923999999999779e+00
