1.767422877069527658e+02 8.833154005527245545e+01 1.237295999999999951e-01 9.133532999999999902e+00
1.711466434472968103e+02 8.833706010149995791e+01 2.711872000000000171e-01 9.167431999999999803e+00
1.655498118721524179e+02 8.834190140450817808e+01 1.389839999999999964e-01 9.186500000000000554e+00
1.543560903945472091e+02 8.835212760772634510e+01 1.813576000000000077e-01 9.347516999999999854e+00
1.431623689151304006e+02 8.836235381113874610e+01 9.830560000000000687e-02 9.315737999999999630e+00
1.319687640940525171e+02 8.837149281898683739e+01 1.271192000000000155e-01 9.347516999999999854e+00
1.207751592729746619e+02 8.838063182683504238e+01 1.610184000000000060e-01 9.451330999999999705e+00
9.838682064454133069e+01 8.839768750114365048e+01 4.372912000000000465e-01 8.953447000000000600e+00
6.480386486532142953e+01 8.842157264615656231e+01 1.847464000000000051e-01 8.997939000000000576e+00
5.920709161934649956e+01 8.842587035138274132e+01 2.406791999999999820e-01 8.947091000000000349e+00
5.361037670258247090e+01 8.842962445844051445e+01 2.966120000000000423e-01 9.110227999999999327e+00
4.801241614116054279e+01 8.843324342006110328e+01 1.186447999999999947e-01 9.300907000000000480e+00
3.681898630759110347e+01 8.844075163456295741e+01 8.813600000000000600e-02 9.353873000000000104e+00
3.122108407533858099e+01 8.844382699840150508e+01 1.389839999999999964e-01 9.453450000000000131e+00
1.442981033868613849e+01 8.845386697895969519e+01 8.474560000000000426e-02 9.563620999999999484e+00
