1.760841683447356445e+02 9.097970622637069482e+01 1.389839999999999964e-01 9.572094999999999132e+00
1.368001908891155836e+02 9.106086463688336607e+01 1.491535999999999973e-01 8.930141000000000773e+00
1.311877883293486775e+02 9.107288812834474356e+01 5.220375999999999905e-01 8.911073999999999273e+00
1.255754429333517805e+02 9.108436645447653746e+01 1.745775999999999994e-01 8.957684999999999675e+00
1.199630975373955266e+02 9.109584478022100029e+01 1.220344000000000151e-01 9.271245999999999654e+00
1.143520008823093690e+02 9.110745558796452315e+01 1.118648000000000142e-01 9.281838999999999729e+00
1.087396554863125573e+02 9.111893391409631704e+01 3.220359999999999889e-01 9.093277999999999750e+00
1.031273100885410940e+02 9.113041224003984553e+01 4.033920000000000283e-01 9.105990000000000251e+00
9.190142771763231622e+01 9.115269124517385535e+01 4.813591999999999871e-01 8.966158999999999324e+00
8.067673692567925059e+01 9.117564789705011208e+01 1.813568000000000124e-01 9.135652000000000328e+00
7.506439152968241046e+01 9.118712622318184913e+01 1.542383999999999977e-01 9.038194000000000727e+00
6.945210329568106999e+01 9.119805938379579402e+01 1.813576000000000077e-01 9.084804000000000102e+00
5.261387552881603824e+01 9.123181671467420983e+01 1.203400000000000025e-01 9.131413999999999476e+00
